1 1
2 2
3 49
4 62
5 79
6 89
7 188
8 6627
9 9491
10 18674
11 22621
12 31982
13 34083
14 38226
15 38520
16 41545
17 48713
18 53887
19 89459
20 103205
21 114731
22 123306
23 139742
24 140609
25 149125
26 168237
27 175125
28 210554
29 223949
30 229269
31 237794
32 240007
33 267356
34 288467
35 321451
36 364921
37 368248
38 373370
39 391701
40 404002
41 471078
42 471745
43 480859
44 505017
45 524027
46 606681
47 616812
48 619039
49 630862
50 634892
51 638454
52 704416
53 740413
54 771496
55 787187
56 803102
57 851099
58 855281
59 858929
60 933025
61 951060
62 985933
63 994748
64 1068030
65 1075873
66 1106235
67 1150693
68 1169863
69 1254839
70 1306614
71 1314397
72 1324750
73 1333719
74 1406792
75 1436315
76 1488857
77 1594044
78 1605484
79 1636152
80 1688923
81 1696874
82 1714945
83 1780265
84 1824421
85 1842553
86 1851756
87 1913514
88 1920084
89 1945824
90 2212261
91 2249881
92 2281293
93 2282958
94 2413577
95 2433289
96 2465266
97 2620715
98 2627029
99 2649414
100 2705037
101 2719950
102 2767458
103 2927134
104 2962738
105 3014285
106 3053398
107 3080572
108 3112939
109 3125992
110 3257538
111 3284955
112 3337444
113 3384586
114 3397608
115 3401412
116 3454137
117 3518243
118 3586658
119 3601651
120 3604256
121 3605413
122 3699151
123 3727271
124 3747356
125 3821295
126 3830335
127 3861881
128 3864512
129 3874291
130 4137166
131 4274376
132 4282305
133 4320864
134 4347340
135 4439878
136 4710990
137 4764356
138 4862362
139 4878329
140 4886284
141 4937822
142 4958167
143 4962087
144 4989341
145 5014865
146 5040977
147 5212221
148 5284979
149 5388181
150 5406303
151 5480190
152 5569899
153 5594950
154 5645269
155 5727852
156 5841966
157 5878121
158 5879274
159 5914824
160 5995632
161 6081584
162 6124442
163 6131816
164 6141254
165 6177865
166 6178148
167 6289862
168 6342728
169 6354268
170 6569278
171 6591856
172 6626024
173 6627437
174 6685169
175 6743487
176 6922228
177 6982935
178 7000099
179 7015878
180 7071733
181 7152224
182 7231434
183 7317753
184 7325814
185 7342659
186 7347697
187 7386835
188 7578152
189 7592656
190 7624198
191 7626729
192 7637329
193 7667729
194 7778695
195 7817707
196 7854212
197 7930539
198 8027068
199 8049827
200 8094630
201 8161657
202 8179592
203 8308969
204 8353832
205 8362967
206 8365226
207 8372756
208 8392776
209 8453932
210 8567216
211 8722426
212 8986096
213 9145563
214 9193064
215 9279141
216 9298092
217 9478793
218 9483081
219 9530766
220 9631607
221 9655715
222 9699116
223 9701677
224 9796607
225 9851752
226 9997062
227 10062838
228 10160476
229 10198580
230 10249110
231 10471644
232 10481555
233 10746521
234 10924083
235 10932195
236 10989199
237 11069116
238 11146276
239 11152793
240 11292196
241 11475249
242 11767625
243 12025396
244 12048341
245 12052535
246 12402569
247 12481527
248 12544183
249 12579825
250 12890880
251 12968537
252 12998861
253 13143898
254 13162475
255 13188363
256 13227250
257 13261572
258 13407612
259 13418353
260 13429344
261 13436910
262 13451764
263 13565944
264 13870053
265 13929239
266 13966531
267 14047108
268 14157942
269 14277312
270 14386441
271 14443834
272 14477222
273 14667581
274 14729474
275 14936773
276 14958977
277 15111693
278 15281032
279 15421824
280 15440228
281 15461242
282 15506320
283 15579674
284 15604447
285 15623631
286 15759984
287 15765825
288 15860964
289 15896483
290 15987726
291 16138765
292 16200424
293 16448511
294 16593446
295 16722418
296 16795568
297 16874661
298 16910822
299 16970193
300 17003438
301 17012928
302 17021335
303 17176355
304 17185785
305 17273171
306 17453489
307 17498517
308 17515408
309 17563579
310 17673980
311 17729437
312 17750956
313 17762996
314 17774559
315 17781393
316 17920851
317 18061457
318 18253577
319 18282223
320 18368348
321 18486110
322 18616192
323 18994704
324 19009598
325 19092100
326 19265770
327 19309955
328 19469853
329 19526596
330 19823389
331 20015685
332 20305378
333 20329692
334 20501732
335 20598657
336 20672402
337 20698879
338 20699979
339 20719180
340 20736193
341 20756365
342 20822618
343 21003178
344 21004678
345 21019298
346 21049299
347 21155040
348 21164273
349 21212533
350 21278497
351 21451129
352 21483139
353 21527053
354 21609758
355 21640494
356 21818393
357 21824775
358 22047274
359 22053782
360 22054635
361 22073837
362 22243404
363 22303759
364 22439111
365 22804424
366 22818213
367 22936444
368 22937111
369 22992517
370 23010219
371 23010318
372 23157064
373 23234598
374 23237965
375 23248276
376 23262856
377 23381306
378 23480367
379 23554012
380 23575918
381 23737897
382 23771781
383 23802296
384 23817852
385 23841260
386 23856886
387 24013337
388 24130511
389 24228530
390 24312814
391 24600157
392 24650046
393 24681182
394 24882344
395 25040702
396 25115022
397 25376985
398 25436460
399 25444433
400 25556199
401 25631915
402 25665108
403 25989653
404 25993753
405 26075355
406 26626013
407 26698349
408 26787108
409 26903185
410 26915890
411 26920296
412 27112811
413 27171505
414 27248162
415 27406703
416 27415360
417 27448422
418 27451240
419 27585231
420 27755513
421 27806711
422 27823299
423 27947012
424 28004377
425 28012874
426 28079837
427 28198809
428 28260420
429 28458735
430 28640038
431 28721760
432 28978425
433 28980429
434 29346003
435 29436075
436 29547334
437 29586505
438 29602683
439 29745259
440 29787062
441 29907945
442 29925965
443 30131315
444 30311201
445 30342431
446 30364530
447 30365190
448 30372461
449 30394712
450 30459262
451 30488152
452 30497382
453 30537288
454 30612330
455 30619075
456 30715782
457 30844482
458 30863835
459 30997882
460 31260815
461 31340787
462 32109907
463 32155654
464 32453930
465 32472381
466 32484921
467 32558489
468 32579222
469 32677642
470 32787133
471 32950951
472 33096719
473 33171955
474 33243796
475 33337518
476 33347871
477 33458300
478 33712000
479 33765207
480 33842108
481 33860946
482 33982934
483 34032828
484 34086959
485 34177091
486 34379979
487 34546392
488 34712679
489 34736359
490 34894984
491 34900794
492 34997249
493 35005191
494 35050962
495 35068256
496 35284307
497 35596342
498 35801344
499 36130014
500 36400180
501 36613826
502 36780239
503 36866008
504 36968734
505 37156949
506 37159666
507 37215088
508 37303735
509 37417433
510 37441154
511 37512082
512 37582932
513 37709921
514 37711373
515 37835484
516 37949948
517 37968135
518 38079169
519 38219265
520 38296054
521 38385526
522 38433173
523 38564777
524 38628795
525 39002445
526 39139631
527 39183202
528 39337094
529 39404808
530 39722827
531 40145103
532 40309756
533 40319225
534 40466083
535 40529619
536 40608591
537 40666211
538 40818028
539 40871924
540 40917200
541 41004181
542 41060917
543 41104464
544 41150943
545 41176912
546 41212060
547 41379508
548 41460048
549 41493193
550 41709719
551 42128762
552 42252468
553 42278311
554 42312389
555 42386393
556 42392608
557 42393206
558 42405584
559 42774990
560 42796570
561 42997241
562 43042127
563 43383338
564 43430711
565 43435082
566 43660558
567 43669094
568 43740937
569 43884839
570 43931959
571 43948214
572 43953539
573 44038980
574 44057300
575 44109833
576 44231223
577 44467292
578 44595037
579 44676729
580 44733455
581 44871247
582 45233563
583 45259580
584 45335179
585 45583158
586 45625328
587 45632493
588 45677604
589 45944017
590 46035240
591 46107370
592 46293331
593 46469749
594 46684441
595 47003465
596 47062671
597 47296654
598 47357407
599 47555132
600 48139747
601 48185771
602 48442573
603 48617792
604 48642342
605 48695740
606 49066418
607 49070855
608 49274824
609 49373265
610 49453752
611 49646010
612 49734743
613 49867493
614 49996294
615 50025605
616 50037474
617 50150851
618 50373728
619 50672255
620 50739782
621 50888450
622 50945260
623 51616731
624 51652091
625 51828502
626 52027470
627 52061430
628 52197264
629 52297996
630 52448306
631 53019969
632 53316057
633 53523433
634 53596418
635 53806395
636 53824785
637 54179759
638 54408300
639 54472507
640 54545817
641 54549245
642 54698585
643 55367478
644 55466040
645 55557096
646 55592392
647 55660724
648 55865474
649 56074705
650 56116555
651 56145541
652 56277703
653 56528266
654 56810794
655 56904768
656 57019072
657 57233551
658 57243183
659 57291158
660 57349070
661 57560270
662 57631463
663 57835906
664 58135225
665 58262020
666 58408737
667 59068058
668 59118022
669 59194483
670 59252426
671 59426693
672 59474413
673 59501821
674 59748712
675 59888372
676 59898567
677 59902333
678 59909800
679 59973492
680 60237387
681 60272448
682 60423672
683 60457394
684 60803598
685 61001462
686 61288098
687 61301896
688 61343162
689 61644520
690 61706811
691 61849850
692 61881622
693 62009469
694 62385741
695 62484000
696 62623320
697 62779298
698 62963898
699 62970051
700 63065377
701 63076319
702 63359541
703 63404282
704 63496119
705 63553345
706 63712724
707 63752331
708 63902356
709 63939630
710 64031311
711 64143300
712 64232846
713 64236780
714 64570764
715 64661204
716 64796838
717 64827999
718 64846147
719 65014254
720 65309999
721 65701126
722 65742315
723 65880411
724 65890865
725 65947194
726 66067696
727 66081238
728 66199222
729 66325946
730 66392120
731 66403360
732 66425890
733 66432690
734 66467197
735 66486526
736 66505930
737 66599222
738 66841945
739 67058691
740 67156723
741 67214873
742 67268705
743 67331894
744 67411577
745 67428940
746 67434676
747 67652344
748 67836831
749 67932195
750 67948028
751 67959061
752 67974206
753 68079044
754 68158434
755 68291411
756 68340556
757 68401751
758 68701326
759 68764919
760 68917045
761 68993563
762 69069348
763 69251898
764 69342232
765 69624644
766 69673281
767 69691502
768 69692573
769 70356973
770 70367238
771 70705765
772 70776586
773 70868194
774 71031988
775 71369640
776 71708639
777 71758065
778 71985967
779 72086974
780 72096257
781 72099969
782 72203180
783 72627897
784 73059378
785 73172929
786 73332715
787 73663188
788 73801979
789 73821511
790 73855103
791 73947743
792 73954805
793 74055840
794 74094113
795 74112815
796 74236121
797 74297991
798 74316157
799 74457298
800 74786684
801 74794377
802 74893494
803 74907856
804 75029120
805 75110214
806 75196590
807 75733958
808 75808311
809 75970897
810 75978488
811 76119127
812 76227538
813 76241410
814 76438563
815 76468004
816 76760009
817 77075128
818 77113895
819 77256675
820 77449373
821 77573211
822 78275090
823 78329392
824 78663383
825 78689268
826 78781176
827 79170595
828 79542019
829 79554711
830 79725371
831 80412480
832 80578560
833 80813562
834 80844978
835 80913354
836 81045083
837 81079727
838 81082657
839 81089902
840 81357156
841 81517130
842 81735556
843 81862067
844 81993935
845 82212236
846 82388104
847 82452813
848 82461428
849 83028548
850 83125839
851 83152301
852 83235791
853 83370761
854 83802885
855 83849186
856 84120952
857 84326900
858 84510083
859 84555073
860 84577738
861 84688602
862 84849130
863 85019221
864 85030544
865 85234836
866 85321111
867 86021004
868 86398132
869 86430796
870 86559874
871 86644867
872 86665984
873 86970968
874 87194391
875 87224958
876 87491653
877 87635909
878 87763556
879 87951497
880 88138273
881 88241766
882 88629599
883 88892206
884 88909787
885 88979031
886 89342012
887 89478508
888 89626212
889 89666787
890 89763476
891 89914311
892 90238782
893 90454651
894 90751138
895 90790173
896 90829467
897 90957865
898 90969096
899 90995976
900 91454014
901 91535392
902 91578963
903 91672001
904 91707613
905 91822663
906 91882022
907 91913009
908 92110020
909 92175579
910 92291305
911 92457398
912 92526496
913 92623831
914 92798764
915 92880412
916 92893105
917 92966802
918 93012632
919 93069208
920 93455492
921 93472901
922 93585022
923 93922203
924 94075798
925 94159941
926 94218798
927 94362871
928 94436153
929 94453885
930 94497470
931 94516170
932 94641224
933 94886843
934 95017248
935 95233304
936 95268303
937 95269630
938 95347371
939 95393094
940 95935257
941 96989999
942 97026125
943 97116632
944 97172205
945 97443360
946 97544124
947 97623575
948 97731514
949 97873761
950 97935315
951 98308741
952 98446672
953 98587690
954 98719307
955 98722703
956 98763970
957 99231575
958 99295778
959 99481930
960 99623305
961 99933066
962 100069967
963 100434739
964 100995390
965 101431097
966 101604024
967 101694226
968 101741330
969 101798099
970 101845525
971 101899141
972 102169862
973 102248741
974 102264532
975 102321805
976 102534706
977 102736870
978 103144220
979 103146209
980 103158001
981 103387793
982 103477801
983 103807346
984 104269562
985 104385768
986 104527945
987 104573965
988 104609086
989 104621449
990 104724891
991 104726090
992 104769883
993 105158289
994 105193570
995 105473765
996 105657306
997 105759677
998 105784173
999 105876191
1000 106001590
1001 106298063
1002 106381966
1003 106443309
1004 106477086
1005 106527387
1006 106632138
1007 106891007
1008 106914008
1009 106924075
1010 106925925
1011 107652013
1012 107691971
1013 107736106
1014 108019580
1015 108035396
1016 108158026
1017 108160570
1018 108341742
1019 108482584
1020 108817307
1021 108872870
1022 108886290
1023 109268369
1024 109315506
1025 109425482
1026 109692641
1027 110061482
1028 110908821
1029 110952844
1030 111392304
1031 111422000
1032 111802419
1033 111911970
1034 112190301
1035 112203699
1036 112254217
1037 112278983
1038 112364776
1039 112688574
1040 112710990
1041 112845311
1042 113010846
1043 113024195
1044 113122760
1045 113161959
1046 113282782
1047 113645729
1048 114049842
1049 114322699
1050 115014069
1051 115288262
1052 115795155
1053 116047152
1054 116092852
1055 116198252
1056 116250913
1057 116450777
1058 116600551
1059 116859922
1060 117203274
1061 117320595
1062 117406646
1063 117452934
1064 117456956
1065 117699752
1066 117740098
1067 118098216
1068 118237989
1069 118279848
1070 118454152
1071 118712904
1072 118794076
1073 118919166
1074 119022577
1075 119453548
1076 119470972
1077 119613171
1078 119892943
1079 120113960
1080 120153375
1081 120166698
1082 120218574
1083 120818912
1084 120939613
1085 121103269
1086 121507730
1087 121573774
1088 121579962
1089 121611284
1090 121763821
1091 122344455
1092 122643605
1093 122888551
1094 122906989
1095 122920796
1096 123107389
1097 123115045
1098 123293861
1099 123381285
1100 123426053
1101 123461794
1102 123629302
1103 124106768
1104 124122025
1105 124152627
1106 124233730
1107 124323283
1108 124684649
1109 124787378
1110 124955312
1111 125152124
1112 125321155
1113 125701387
1114 125754595
1115 125828778
1116 125986186
1117 126212711
1118 126297788
1119 127114296
1120 127155231
1121 127275778
1122 127335968
1123 127458025
1124 127765817
1125 127821063
1126 127951583
1127 128267208
1128 128299922
1129 128733555
1130 128908794
1131 129240200
1132 129314590
1133 129392391
1134 129442415
1135 129478165
1136 129856516
1137 129890828
1138 129942255
1139 130146615
1140 130280668
1141 130419594
1142 130435237
1143 130649390
1144 130741409
1145 130810652
1146 130819885
1147 130862275
1148 130912255
1149 131076128
1150 131080916
1151 131134534
1152 131385123
1153 131518638
1154 131693226
1155 131785157
1156 132042054
1157 132089433
1158 132103203
1159 132123161
1160 132370907
1161 132487226
1162 132707611
1163 133344251
1164 133369186
1165 133587364
1166 133631105
1167 133960759
1168 134080151
1169 134525873
1170 134543203
1171 134767596
1172 134979817
1173 135184263
1174 135525586
1175 135755313
1176 135945577
1177 136157061
1178 136274140
1179 137064348
1180 137588205
1181 137621009
1182 137629858
1183 137713027
1184 137811987
1185 138041372
1186 138234006
1187 138414079
1188 138501993
1189 138590831
1190 138626616
1191 138772631
1192 139191011
1193 139363326
1194 139387583
1195 139404662
1196 139662277
1197 140119189
1198 140394490
1199 140555504
1200 140652453
1201 140688822
1202 140942176
1203 141077939
1204 141271001
1205 141352975
1206 141613948
1207 141636375
1208 141754576
1209 141789303
1210 142058247
1211 142112787
1212 142402313
1213 142565837
1214 142611107
1215 142835821
1216 142967896
1217 143306520
1218 143443536
1219 143680639
1220 144213314
1221 144270769
1222 144739072
1223 145006561
1224 145122858
1225 145275027
1226 145298008
1227 145360217
1228 145592595
1229 146346306
1230 146352246
1231 146416636
1232 146501747
1233 146555168
1234 146612262
1235 146748907
1236 147158771
1237 147227936
1238 147280065
1239 147425419
1240 147473835
1241 147545599
1242 147794359
1243 148029225
1244 148032408
1245 148210333
1246 148637967
1247 148757970
1248 148760956
1249 148846919
1250 148913561
1251 149116592
1252 149299421
1253 149414120
1254 149580207
1255 149611823
1256 149743852
1257 149798243
1258 150232439
1259 150410769
1260 150537762
1261 150986339
1262 151367419
1263 151475672
1264 151598375
1265 151676946
1266 152420933
1267 153010661
1268 153824396
1269 153952185
1270 154254230
1271 154275118
1272 154407856
1273 154422885
1274 154559225
1275 154731388
1276 154769396
1277 154855922
1278 154877686
1279 155165407
1280 155314956
1281 155355141
1282 155376153
1283 155622182
1284 155792019
1285 156322497
1286 156367157
1287 156369106
1288 156449516
1289 156591220
1290 156933652
1291 156962950
1292 157027777
1293 157092353
1294 157223542
1295 158138099
1296 158415896
1297 158551581
1298 158908124
1299 158965665
1300 159469834
1301 159616455
1302 159813989
1303 159841883
1304 159946537
1305 159950114
1306 160439874
1307 160715639
1308 161030321
1309 161382310
1310 161457787
1311 161874256
1312 161907362
1313 162277316
1314 162329346
1315 162340267
1316 162610323
1317 163077003
1318 163369277
1319 163550497
1320 163694650
1321 163773650
1322 163844917
1323 164095436
1324 164261991
1325 164336390
1326 164515930
1327 165020905
1328 165038888
1329 165146191
1330 165329816
1331 165455847
1332 165468851
1333 165993384
1334 166293821
1335 166295362
1336 166334747
1337 166460989
1338 166494672
1339 166526501
1340 166569349
1341 166689143
1342 166996954
1343 167184642
1344 167193093
1345 167465549
1346 167991754
1347 168252014
1348 168356864
1349 168458343
1350 168463843
1351 168470113
1352 168758951
1353 168802324
1354 168834022
1355 169043383
1356 169064036
1357 169695001
1358 169851870
1359 169929268
1360 169950025
1361 170083681
1362 170230991
1363 170398169
1364 170854737
1365 170922354
1366 171204836
1367 171254370
1368 171268670
1369 171298944
1370 171442203
1371 171980477
1372 172231156
1373 172302808
1374 172372916
1375 172802228
1376 173418355
1377 173568737
1378 174235075
1379 174364547
1380 174923807
1381 175022252
1382 175301947
1383 175487288
1384 175614472
1385 175621955
1386 176087253
1387 176522215
1388 176643591
1389 176858788
1390 176997454
1391 177037494
1392 177163989
1393 177278038
1394 177411331
1395 177469695
1396 177636044
1397 177852975
1398 178102338
1399 178730328
1400 178877059
1401 179301318
1402 179600670
1403 179671818
1404 180083598
1405 180319008
1406 180409462
1407 180440439
1408 180560231
1409 181004536
1410 181063789
1411 181274316
1412 181276862
1413 181549941
1414 181569688
1415 181678685
1416 181735320
1417 181743274
1418 181885229
1419 182332152
1420 182795887
1421 183065100
1422 183105257
1423 183424827
1424 183567532
1425 183580772
1426 183810975
1427 184142077
1428 184183220
1429 184636757
1430 184645055
1431 184774188
1432 184996085
1433 185041805
1434 185313571
1435 185585302
1436 185778464
1437 186045003
1438 186615678
1439 187116434
1440 187210094
1441 187855747
1442 187991204
1443 188055211
1444 189068646
1445 189143225
1446 189342206
1447 189699425
1448 190233378
1449 190252791
1450 190375252
1451 190418655
1452 190451475
1453 190517457
1454 190764322
1455 190814275
1456 190849910
1457 191158443
1458 191315499
1459 191364422
1460 191594404
1461 191869784
1462 191939542
1463 192260161
1464 192306445
1465 192308026
1466 192324456
1467 192609019
1468 192685828
1469 192817100
1470 193212389
1471 193260373
1472 193343078
1473 193343707
1474 193483625
1475 193684544
1476 193792909
1477 193798056
1478 194455926
1479 194692899
1480 194758312
1481 195660050
1482 195863757
1483 196005408
1484 196088289
1485 196431332
1486 196764951
1487 196947752
1488 197489359
1489 198245737
1490 198587361
1491 198720571
1492 198841245
1493 199134006
1494 199144458
1495 199236927
1496 199490769
1497 199674759
1498 199680790
1499 199812225
1500 199992417
1501 200216771
1502 200345528
1503 200351625
1504 200351669
1505 200511221
1506 200527550
1507 200811917
1508 200838419
1509 200861437
1510 201029445
1511 201663936
1512 202028902
1513 202152454
1514 202332461
1515 202347649
1516 202452774
1517 202504637
1518 202623369
1519 203021294
1520 203041936
1521 203061534
1522 203545092
1523 204110562
1524 204729552
1525 204738917
1526 204869160
1527 204931013
1528 204946371
1529 205166014
1530 205207832
1531 205365411
1532 205396024
1533 205872248
1534 206251684
1535 206393713
1536 206567722
1537 207246713
1538 207596317
1539 208081936
1540 208240233
1541 208822538
1542 208945709
1543 209335523
1544 209500967
1545 209735995
1546 209820275
1547 209949213
1548 210443484
1549 210580480
1550 210701796
1551 210944042
1552 211226068
1553 211353556
1554 211507147
1555 212153667
1556 212168903
1557 212188918
1558 212432702
1559 212508688
1560 212584555
1561 212903432
1562 213023577
1563 213683939
1564 213789573
1565 213817072
1566 213887168
1567 213978178
1568 214125671
1569 214737000
1570 215029747
1571 215060371
1572 215089790
1573 215374551
1574 215389188
1575 215691351
1576 216190804
1577 216934914
1578 216976961
1579 216980287
1580 217028628
1581 217131579
1582 217299734
1583 217355950
1584 217643297
1585 218203311
1586 218756631
1587 218833957
1588 218895207
1589 219150856
1590 220133916
1591 220376856
1592 220413970
1593 220573866
1594 220760142
1595 221413380
1596 221415468
1597 221651527
1598 221745665
1599 221945205
1600 222126774
1601 222486049
1602 222569370
1603 222768344
1604 222959258
1605 223028063
1606 223113944
1607 223140556
1608 223153071
1609 223166040
1610 223202228
1611 223221870
1612 223816660
1613 223878561
1614 223926891
1615 224614391
1616 224840485
1617 224960919
1618 225001828
1619 225347050
1620 225404776
1621 225625154
1622 225867726
1623 225920953
1624 226217647
1625 226253960
1626 226389164
1627 226575321
1628 226757637
1629 226784928
1630 227102848
1631 227183577
1632 227926295
1633 228176222
1634 228335325
1635 228517979
1636 228546688
1637 228782911
1638 228927614
1639 230609874
1640 231247417
1641 231278807
1642 231495066
1643 231719130
1644 231921974
1645 231963821
1646 232046228
1647 232167457
1648 232204498
1649 232466631
1650 232531682
1651 232666193
1652 232757449
1653 233058182
1654 233369066
1655 234014991
1656 234274272
1657 234370246
1658 234661637
1659 234882191
1660 234985952
1661 235060035
1662 235429230
1663 235524091
1664 235712236
1665 236110471
1666 236577247
1667 236965822
1668 237243876
1669 237349438
1670 237434679
1671 237456316
1672 237885758
1673 238159478
1674 238186162
1675 238372352
1676 238425531
1677 238432846
1678 238577696
1679 238652811
1680 238658513
1681 238726490
1682 238749833
1683 238800378
1684 239087933
1685 239090962
1686 239200756
1687 239714056
1688 239739714
1689 239880613
1690 239892533
1691 239914460
1692 240468446
1693 240472376
1694 240503347
1695 240663052
1696 240770566
1697 240831957
1698 241010348
1699 241109394
1700 241192988
1701 241194396
1702 241383178
1703 241461205
1704 241647352
1705 241779812
1706 242213029
1707 242408272
1708 242438909
1709 242548005
1710 242606057
1711 242733995
1712 242739247
1713 243000633
1714 243515781
1715 243644906
1716 243795862
1717 243839524
1718 243846098
1719 243987520
1720 244172212
1721 244212420
1722 244308551
1723 244527801
1724 244969855
1725 245105664
1726 245445509
1727 246423490
1728 247643779
1729 247941383
1730 248083687
1731 248097246
1732 248265359
1733 248492662
1734 248736539
1735 249242068
1736 249328267
1737 249455220
1738 249497662
1739 249595270
1740 250144957
1741 250257104
1742 250591005
1743 250619787
1744 250755519
1745 250792908
1746 251187020
1747 251321103
1748 251538376
1749 251867942
1750 251914963
1751 252095785
1752 252237606
1753 252455169
1754 252871621
1755 252996239
1756 253070013
1757 253193526
1758 253505670
1759 253885734
1760 253905415
1761 254013827
1762 254054291
1763 255371040
1764 255414741
1765 256039928
1766 256311823
1767 256731108
1768 256737691
1769 256761316
1770 257350514
1771 257521964
1772 257604414
1773 258042392
1774 258603715
1775 258693099
1776 258934509
1777 259117728
1778 259221911
1779 259707658
1780 259855962
1781 260188657
1782 260196531
1783 260327688
1784 260499838
1785 260520934
1786 260678276
1787 261130120
1788 261175696
1789 261519298
1790 261662822
1791 261800813
1792 261850719
1793 262143377
1794 262272354
1795 262599881
1796 262966562
1797 263585705
1798 264040683
1799 264045692
1800 264269115
1801 264366919
1802 265275043
1803 265519954
1804 266562297
1805 266985024
1806 267141119
1807 267255314
1808 267310044
1809 267341348
1810 267500377
1811 268905114
1812 269131010
1813 269179674
1814 269229308
1815 269267082
1816 269270206
1817 269364461
1818 269584560
1819 269850942
1820 270077641
1821 270103175
1822 270480030
1823 270486213
1824 270495512
1825 271092317
1826 271447381
1827 271623739
1828 271748713
1829 272001753
1830 272329141
1831 272561070
1832 272584869
1833 273411495
1834 273682883
1835 273747189
1836 273864761
1837 273965763
1838 274047086
1839 274424932
1840 274433551
1841 274500748
1842 274555040
1843 274821141
1844 276123525
1845 276282203
1846 277004062
1847 277142413
1848 277392996
1849 277935023
1850 278080766
1851 278303258
1852 278441373
1853 278653376
1854 278701408
1855 278734766
1856 279346272
1857 279349700
1858 279482072
1859 279955960
1860 280048073
1861 280300252
1862 280419388
1863 280445397
1864 280622725
1865 281196848
1866 281201048
1867 281359075
1868 281788574
1869 281916061
1870 281971620
1871 282281455
1872 282641989
1873 282757200
1874 282814044
1875 283533468
1876 284028266
1877 284031832
1878 284697502
1879 284776620
1880 285103162
1881 285195665
1882 285516133
1883 285743681
1884 286327299
1885 286351686
1886 286428618
1887 286571473
1888 287139542
1889 287462865
1890 287576472
1891 287980113
1892 288082320
1893 288694646
1894 289294102
1895 289577845
1896 289903562
1897 290061913
1898 290334223
1899 290961577
1900 290983914
1901 291300340
1902 291370665
1903 291510416
1904 291740958
1905 291895734
1906 291913763
1907 292155358
1908 292525438
1909 293328218
1910 293667953
1911 293786711
1912 294068789
1913 294114923
1914 295212560
1915 295540415
1916 295661017
1917 296042068
1918 296111506
1919 296132743
1920 296568305
1921 296859682
1922 297133433
1923 297192655
1924 297405443
1925 297571163
1926 297623668
1927 297775822
1928 297952172
1929 298162916
1930 298214541
1931 299080250
1932 299250882
1933 299307383
1934 299334821
1935 299374041
1936 299430609
1937 300083868
1938 300206564
1939 300271090
1940 300308075
1941 300419949
1942 300705307
1943 300825943
1944 301320367
1945 301394923
1946 301566006
1947 301805463
1948 302173450
1949 302210239
1950 302392159
1951 302597023
1952 304195971
1953 304305574
1954 304472442
1955 304487131
1956 304783407
1957 305031127
1958 305251949
1959 305311389
1960 305352474
1961 305442109
1962 305664850
1963 306255055
1964 306413104
1965 306549921
1966 307207600
1967 307342322
1968 307344311
1969 307442349
1970 307470437
1971 307663405
1972 307704745
1973 308171983
1974 308387658
1975 308596159
1976 308637327
1977 308729926
1978 308998783
1979 309278656
1980 309435613
1981 309457227
1982 310252255
1983 310260402
1984 310277749
1985 310299056
1986 310385674
1987 310415939
1988 310433801
1989 310691868
1990 311613771
1991 311766873
1992 311777068
1993 311786889
1994 312009947
1995 312105687
1996 312344627
1997 312417488
1998 312701640
1999 312718963
2000 312876587
2001 312877436
2002 313163264
2003 313290066
2004 313369131
2005 313996156
2006 314481108
2007 314597411
2008 314982336
2009 315236755
2010 315457818
2011 315664818
2012 316418996
2013 316432534
2014 316722044
2015 316871916
2016 316957369
2017 317231084
2018 317864336
2019 317915924
2020 318030606
2021 318042787
2022 318171729
2023 318178499
2024 318996372
2025 319129721
2026 319215838
2027 319555839
2028 319723020
2029 319730088
2030 319750458
2031 320387255
2032 321029580
2033 321092738
2034 322364755
2035 322403478
2036 322583631
2037 322691513
2038 322853641
2039 322890058
2040 323137582
2041 323479157
2042 323586589
2043 324426554
2044 324571448
2045 325048670
2046 325426575
2047 325962778
2048 326076001
2049 326153085
2050 326162331
2051 326744030
2052 326979143
2053 327486430
2054 327705119
2055 328174944
2056 328306656
2057 330356357
2058 330413167
2059 330426401
2060 330915895
2061 330974915
2062 331000789
2063 331397375
2064 331578116
2065 331965921
2066 332250150
2067 332512165
2068 332581925
2069 332584825
2070 332595794
2071 332959573
2072 333335597
2073 333710525
2074 333710613
2075 333912577
2076 334419169
2077 334607223
2078 334658557
2079 335058490
2080 335082711
2081 335376315
2082 335648188
2083 335981242
2084 336080253
2085 336230286
2086 336460126
2087 336510353
2088 337429295
2089 337450803
2090 337972567
2091 338233898
2092 338309141
2093 338489048
2094 338567313
2095 338885768
2096 339243162
2097 339799289
2098 340335592
2099 340548063
2100 340744466
2101 341435992
2102 341447800
2103 342127826
2104 342543151
2105 342607279
2106 342742427
2107 342899862
2108 342939312
2109 343046377
2110 343353354
2111 343387458
2112 343390389
2113 343969004
2114 344652293
2115 344735878
2116 344954530
2117 345044415
2118 345193066
2119 345329961
2120 345861215
2121 347557446
2122 347601312
2123 348250272
2124 348371505
2125 348647231
2126 348767602
2127 348941222
2128 349085709
2129 349599490
2130 349618217
2131 349672433
2132 349859988
2133 349863537
2134 350428968
2135 350511162
2136 350521676
2137 350771943
2138 350816425
2139 351350741
2140 351493884
2141 351600918
2142 351860224
2143 352177754
2144 352330119
2145 352589385
2146 352731910
2147 352892563
2148 353098964
2149 353137119
2150 353262279
2151 353390581
2152 353396283
2153 353611494
2154 353675627
2155 353689030
2156 353964431
2157 354089721
2158 354118260
2159 354214261
2160 354352034
2161 354563544
2162 354891192
2163 354946698
2164 355055044
2165 355224923
2166 355360969
2167 355714525
2168 356007936
2169 356040439
2170 356052002
2171 356636408
2172 356772401
2173 356924243
2174 357525807
2175 357636082
2176 357666075
2177 357791600
2178 357989100
2179 358634858
2180 358691712
2181 359021465
2182 359053370
2183 359268457
2184 359294138
2185 359771613
2186 359937757
2187 360198265
2188 360206170
2189 360379380
2190 360403112
2191 360806114
2192 361225307
2193 361979590
2194 362595564
2195 363244576
2196 363331798
2197 363970150
2198 364329938
2199 364795823
2200 365261209
2201 365838397
2202 366218526
2203 366232388
2204 366826579
2205 366875257
2206 366966207
2207 367581324
2208 367866805
2209 368880709
2210 368974387
2211 369268102
2212 369358392
2213 369374529
2214 369747887
2215 369807080
2216 370262878
2217 370383115
2218 370432375
2219 371080227
2220 371225748
2221 371551515
2222 371562497
2223 371574879
2224 372004684
2225 372233005
2226 372354040
2227 372406686
2228 372577393
2229 372803619
2230 373877852
2231 374250380
2232 374285162
2233 374365667
2234 374374170
2235 374491509
2236 374496780
2237 374706130
2238 374880200
2239 374891566
2240 374977773
2241 375085621
2242 375290882
2243 375738218
2244 375871875
2245 376258598
2246 376259301
2247 377103556
2248 377126856
2249 377206243
2250 377529219
2251 377870295
2252 377970906
2253 378989300
2254 379071471
2255 379520945
2256 379686196
2257 379892819
2258 382048080
2259 382124169
2260 383197063
2261 383202132
2262 383291824
2263 383342835
2264 383496864
2265 384085700
2266 384094459
2267 384180461
2268 384962207
2269 385293329
2270 385366476
2271 385460419
2272 385653720
2273 385810397
2274 386132677
2275 386153115
2276 386252934
2277 386597080
2278 386639766
2279 386687887
2280 387213047
2281 387228337
2282 387925409
2283 388210771
2284 388289627
2285 388788852
2286 388965292
2287 390251794
2288 390278874
2289 390623836
2290 390667071
2291 391313508
2292 391713844
2293 391774753
2294 392273737
2295 392436808
2296 392589910
2297 392612876
2298 392822228
2299 393594076
2300 393783677
2301 394202251
2302 394669597
2303 395411226
2304 395577949
2305 395791251
2306 395891052
2307 395992741
2308 396200594
2309 396268489
2310 396522329
2311 396675057
2312 397062321
2313 397293201
2314 397748827
2315 397869149
2316 398532236
2317 398749673
2318 398818370
2319 398914959
2320 399782524
2321 399842646
2322 399869455
2323 399927425
2324 399933046
2325 399973784
2326 400444630
2327 400466298
2328 400504032
2329 400695989
2330 400885158
2331 400927525
2332 401135252
2333 401764976
2334 402105381
2335 402177790
2336 402740860
2337 402769442
2338 402910922
2339 403737986
2340 403861841
2341 403899893
2342 404247625
2343 405296668
2344 405613765
2345 405708092
2346 406051270
2347 406503896
2348 406523186
2349 406594662
2350 406664069
2351 406843838
2352 407549191
2353 407738160
2354 407773562
2355 408633720
2356 408786720
2357 408953442
2358 409149707
2359 409260762
2360 409266557
2361 409407784
2362 409692323
2363 409708192
2364 410213208
2365 410486024
2366 410774567
2367 410859632
2368 410890811
2369 410925517
2370 411358130
2371 412091938
2372 412440455
2373 412581372
2374 412641616
2375 412842805
2376 412926642
2377 412969138
2378 413318618
2379 413539236
2380 413687932
2381 413698941
2382 413819741
2383 414162545
2384 414320921
2385 414369681
2386 414502018
2387 414819861
2388 414930215
2389 415018979
2390 415082865
2391 415161677
2392 415592673
2393 415604938
2394 416239965
2395 416273834
2396 416279187
2397 416700962
2398 416716228
2399 417032284
2400 417617894
2401 418008306
2402 418047426
2403 418109690
2404 418192551
2405 418273619
2406 418362453
2407 418379109
2408 419407375
2409 419590689
2410 420307314
2411 420474530
2412 420585907
2413 420661611
2414 420760099
2415 422514649
2416 422920300
2417 422927701
2418 423142448
2419 423803715
2420 424454448
2421 424456629
2422 424720609
2423 424793244
2424 424881273
2425 426608603
2426 426840285
2427 427733177
2428 427918324
2429 428308970
2430 429492636
2431 430022594
2432 430283648
2433 430454914
2434 431055232
2435 431991860
2436 432095077
2437 432417628
2438 432698863
2439 432757404
2440 432804769
2441 432810484
2442 433023624
2443 433522268
2444 433634706
2445 433987720
2446 435016055
2447 435097188
2448 435490130
2449 435523766
2450 435646537
2451 435666502
2452 435705167
2453 435784477
2454 436083246
2455 436129934
2456 436168280
2457 436641931
2458 436674925
2459 437940554
2460 438122617
2461 438150208
2462 438521080
2463 439682494
2464 440316233
2465 441121683
2466 441734372
2467 441796760
2468 442221743
2469 442263334
2470 442352245
2471 443309099
2472 443313456
2473 443740168
2474 443810988
2475 444014638
2476 444154921
2477 444216771
2478 444591729
2479 444608565
2480 444767741
2481 444867928
2482 444956825
2483 445240286
2484 445779478
2485 445890478
2486 446129304
2487 446228472
2488 446503275
2489 446519039
2490 446802882
2491 447119297
2492 447837560
2493 447882324
2494 447958508
2495 448018569
2496 448485359
2497 448785569
2498 449182631
2499 449380314
2500 449590524
2501 450133278
2502 450242431
2503 451150316
2504 451450803
2505 451700221
2506 451703849
2507 452183226
2508 452565778
2509 452739592
2510 453124329
2511 453162712
2512 453233102
2513 453266031
2514 453445789
2515 453641657
2516 453809449
2517 454067989
2518 454582725
2519 454730611
2520 455010675
2521 455134331
2522 455246993
2523 455880951
2524 456016940
2525 456180722
2526 456421170
2527 456560446
2528 456927069
2529 457169509
2530 457609795
2531 457694178
2532 458566613
2533 458726491
2534 458735808
2535 458876108
2536 458880827
2537 458917092
2538 459138877
2539 459222003
2540 459697348
2541 460090834
2542 460711945
2543 461167910
2544 461327210
2545 461368350
2546 461728195
2547 461768365
2548 462180803
2549 462642398
2550 462901402
2551 463444087
2552 463595493
2553 463710868
2554 464662249
2555 464704566
2556 465553412
2557 465847449
2558 467284962
2559 468218347
2560 468218517
2561 468315087
2562 468556779
2563 468637297
2564 468653771
2565 468707490
2566 469275753
2567 469283217
2568 469453242
2569 469475449
2570 469723941
2571 469925925
2572 470156415
2573 471636452
2574 472104189
2575 472211415
2576 472398521
2577 472507306
2578 472732986
2579 472867669
2580 472988886
2581 473321764
2582 473329651
2583 473524729
2584 473919297
2585 474052927
2586 474914691
2587 475475058
2588 475670671
2589 475914492
2590 476002360
2591 476558877
2592 476565754
2593 476592319
2594 477655795
2595 477894930
2596 478613098
2597 478693084
2598 479459055
2599 479694084
2600 479862493
2601 480036936
2602 480182977
2603 480850136
2604 481660151
2605 482202770
2606 482491036
2607 482767083
2608 482808393
2609 483055882
2610 483578201
2611 483792814
2612 484004913
2613 484429051
2614 485337928
2615 485636114
2616 486582145
2617 486639367
2618 486896828
2619 486940780
2620 487131302
2621 487498152
2622 487541536
2623 487696733
2624 488089671
2625 488641222
2626 489505382
2627 489720320
2628 489922495
2629 490932495
2630 491709623
2631 491846105
2632 492100394
2633 492613431
2634 492621686
2635 492969673
2636 493065635
2637 493245569
2638 493378194
2639 493456962
2640 494461916
2641 494617579
2642 494934935
2643 495174821
2644 495593191
2645 495629647
2646 495719148
2647 495773226
2648 495970693
2649 496603889
2650 496680259
2651 496776905
2652 496802408
2653 496882890
2654 497381072
2655 497516871
2656 497551242
2657 497957188
2658 497961478
2659 498087639
2660 498188870
2661 498368673
2662 499205048
2663 499417933
2664 499569488
2665 499977736
2666 500596809
2667 501597917
2668 502034222
2669 502324872
2670 502364305
2671 502726530
2672 502804888
2673 503171852
2674 503573722
2675 503639108
2676 504441324
2677 504506883
2678 505251935
2679 505720455
2680 505922691
2681 506248029
2682 506399177
2683 506587638
2684 506610729
2685 506790942
2686 507467937
2687 507652077
2688 507960814
2689 508097280
2690 508099194
2691 508757780
2692 508895762
2693 509305824
2694 509379946
2695 509395635
2696 509564560
2697 509685889
2698 510570226
2699 510734303
2700 511250352
2701 512364915
2702 512631302
2703 512798507
2704 512857585
2705 512980547
2706 513082533
2707 513309017
2708 513401188
2709 513429264
2710 514019456
2711 514130121
2712 514136386
2713 514604988
2714 515142970
2715 515623978
2716 515797582
2717 515943477
2718 516303170
2719 516868133
2720 516989562
2721 517147563
2722 517154513
2723 517202874
2724 517595261
2725 517667745
2726 517756581
2727 518004281
2728 518309091
2729 518485225
2730 518507533
2731 518953077
2732 518990050
2733 519227615
2734 519340624
2735 519643602
2736 519888860
2737 519918124
2738 519996423
2739 520148297
2740 520225916
2741 520277827
2742 520545828
2743 521159692
2744 521308703
2745 521488727
2746 521881829
2747 521932464
2748 522753034
2749 522807257
2750 522949751
2751 523099032
2752 523211582
2753 523504611
2754 524668536
2755 524689113
2756 524707384
2757 524933597
2758 525180434
2759 526344505
2760 526372082
2761 526506304
2762 526875147
2763 527883743
2764 528142578
2765 528170762
2766 528676201
2767 528860080
2768 529013356
2769 529112560
2770 529617764
2771 529801690
2772 530203441
2773 530316187
2774 530460964
2775 530886134
2776 531075374
2777 531680458
2778 531846837
2779 531891578
2780 532134533
2781 532144242
2782 532367602
2783 532371565
2784 532673857
2785 532966015
2786 533155412
2787 533365471
2788 533744901
2789 534792091
2790 535066412
2791 535548088
2792 535932910
2793 536115955
2794 536117275
2795 536529298
2796 536660303
2797 537085754
2798 537515287
2799 537766087
2800 537822205
2801 538780117
2802 539198735
2803 539271613
2804 539363333
2805 539466145
2806 539553763
2807 540220561
2808 540637901
2809 541273782
2810 541636478
2811 541661009
2812 542481149
2813 542907598
2814 542944191
2815 543015474
2816 543032205
2817 543114882
2818 543172628
2819 543322466
2820 543775272
2821 544441093
2822 544555775
2823 544653342
2824 544795509
2825 544849471
2826 545184044
2827 545869963
2828 545956205
2829 545981294
2830 546083668
2831 546269760
2832 546572513
2833 546755834
2834 547700766
2835 547869463
2836 548798213
2837 548943721
2838 548970645
2839 549231477
2840 549677725
2841 550092284
2842 550947600
2843 551054436
2844 551414137
2845 551483164
2846 552037302
2847 552097170
2848 552759625
2849 552805199
2850 552821712
2851 553145079
2852 553186540
2853 553419929
2854 554211727
2855 554349581
2856 554948665
2857 555286495
2858 555292571
2859 555813659
2860 556594989
2861 557018043
2862 557136200
2863 557137583
2864 557533051
2865 557990383
2866 558535745
2867 558717157
2868 559018226
2869 559052050
2870 559694470
2871 559837804
2872 561272675
2873 561612048
2874 561904601
2875 562035186
2876 562047960
2877 562089313
2878 562188291
2879 562400239
2880 562907854
2881 563281898
2882 564171463
2883 564192425
2884 564368299
2885 564611716
2886 564969001
2887 565005673
2888 565277792
2889 565409502
2890 565444478
2891 565847907
2892 566149807
2893 567647463
2894 567792716
2895 567905417
2896 567974071
2897 568082452
2898 568205404
2899 568431865
2900 568729540
2901 569017841
2902 570303585
2903 570305733
2904 570307740
2905 570309160
2906 570865964
2907 570906102
2908 571120629
2909 571357156
2910 571404610
2911 571700726
2912 571970301
2913 572218445
2914 572630367
2915 572649595
2916 573231426
2917 573267297
2918 573462215
2919 573751704
2920 573891836
2921 574557835
2922 575097135
2923 575247636
2924 576145641
2925 576232083
2926 576273322
2927 576583676
2928 576622936
2929 576798564
2930 577395239
2931 577635228
2932 577850604
2933 577853338
2934 577903802
2935 578031564
2936 578334351
2937 578470834
2938 578597072
2939 578690113
2940 579084126
2941 579114330
2942 579118208
2943 579498516
2944 579947043
2945 580610314
2946 580769975
2947 581157487
2948 581169440
2949 581454404
2950 582824190
2951 583167440
2952 583285081
2953 583777971
2954 583830443
2955 584148979
2956 584162507
2957 584710023
2958 584748638
2959 584794813
2960 585625588
2961 585754972
2962 585962105
2963 586040348
2964 586169191
2965 586778740
2966 586969707
2967 587279379
2968 587526118
2969 587874561
2970 588343407
2971 588403895
2972 588557218
2973 588585918
2974 588606778
2975 588810093
2976 589056825
2977 589257865
2978 589727356
2979 590126223
2980 590239444
2981 590468209
2982 590533269
2983 590754261
2984 591053138
2985 591111519
2986 591397566
2987 591875032
2988 592012461
2989 592436188
2990 593718123
2991 593986737
2992 594879063
2993 594923365
2994 595856583
2995 596764492
2996 596861116
2997 596964556
2998 596987141
2999 597049416
3000 597454621
3001 597506033
3002 597597058
3003 597623170
3004 597955156
3005 598257592
3006 598444079
3007 598540642
3008 598567425
3009 598584495
3010 598941396
3011 599120498
3012 599233308
3013 600084556
3014 600111150
3015 600334533
3016 600407932
3017 601345499
3018 601731461
3019 601849350
3020 602023931
3021 602096977
3022 602251956
3023 603899151
3024 604703421
3025 604751357
3026 604773478
3027 604922385
3028 605030623
3029 605186259
3030 605192862
3031 605570067
3032 606813604
3033 607267576
3034 607598062
3035 607673821
3036 608061767
3037 608205920
3038 608241727
3039 608331210
3040 608569336
3041 608815010
3042 609413768
3043 609884511
3044 610023289
3045 610100575
3046 610175953
3047 610287476
3048 610683347
3049 610724016
3050 610949740
3051 611317743
3052 611444309
3053 611513723
3054 611878749
3055 612109855
3056 612236846
3057 612468180
3058 612523693
3059 612830692
3060 613220111
3061 613319582
3062 613638958
3063 613828633
3064 614128837
3065 614318702
3066 614707571
3067 614926834
3068 615078960
3069 615373628
3070 615756087
3071 616084782
3072 616409445
3073 616815248
3074 617973743
3075 617997638
3076 618017233
3077 618463024
3078 619297130
3079 619400360
3080 619814374
3081 620183466
3082 620590173
3083 621033070
3084 621112528
3085 621223219
3086 621433815
3087 621545939
3088 621831576
3089 621859929
3090 621906200
3091 622067317
3092 622203514
3093 622496161
3094 623655389
3095 624124667
3096 624189252
3097 624223944
3098 624233820
3099 624405476
3100 624460215
3101 624488555
3102 624802665
3103 624860250
3104 625392731
3105 625564305
3106 625592238
3107 625986986
3108 626317167
3109 626453595
3110 626583890
3111 627230352
3112 627636648
3113 627769266
3114 628108851
3115 628146768
3116 628336685
3117 628727647
3118 628764623
3119 628840807
3120 629896173
3121 630132752
3122 631188772
3123 631193777
3124 631276725
3125 631741415
3126 631868200
3127 631952979
3128 631979023
3129 632281446
3130 632793483
3131 633275276
3132 633507946
3133 633667031
3134 633987751
3135 634297612
3136 634409504
3137 634917592
3138 635278473
3139 635592752
3140 635984736
3141 636550678
3142 636968203
3143 637499094
3144 637812719
3145 637949586
3146 638206099
3147 638360143
3148 638545975
3149 638918905
3150 638973853
3151 639062209
3152 639127452
3153 639377095
3154 639717171
3155 639828005
3156 640038054
3157 640342704
3158 640724135
3159 640817759
3160 641142357
3161 641564672
3162 641666330
3163 642138139
3164 642318583
3165 642691100
3166 642925501
3167 643423293
3168 643429381
3169 643722555
3170 644100459
3171 644341202
3172 644384222
3173 644424656
3174 644743969
3175 645490970
3176 645701926
3177 645797817
3178 646211967
3179 646267636
3180 646529374
3181 646570211
3182 646608064
3183 646635665
3184 646677509
3185 647185887
3186 647951995
3187 647978532
3188 648685511
3189 648930254
3190 649123533
3191 649175996
3192 649194543
3193 650066820
3194 650949821
3195 650965093
3196 651066346
3197 651121577
3198 651816790
3199 651827700
3200 652217377
3201 652659190
3202 652705852
3203 652771516
3204 653131281
3205 653192776
3206 653579584
3207 653904188
3208 653927677
3209 654104786
3210 654206567
3211 654254698
3212 654337604
3213 654470615
3214 654644223
3215 654787365
3216 654967188
3217 655618415
3218 655657000
3219 655749871
3220 656103044
3221 656649995
3222 656691379
3223 656850217
3224 657552929
3225 658192740
3226 658570964
3227 658774913
3228 659419264
3229 659791060
3230 659878424
3231 660705371
3232 661218534
3233 661259848
3234 662479057
3235 662634923
3236 662789684
3237 663147092
3238 663156908
3239 663283551
3240 663395353
3241 663478120
3242 663973815
3243 664176731
3244 664211205
3245 664678611
3246 664713336
3247 665051592
3248 665223214
3249 666018677
3250 666343480
3251 666442835
3252 666634624
3253 666904643
3254 667292750
3255 667790874
3256 668305311
3257 668417000
3258 668442773
3259 668556566
3260 668795124
3261 668811546
3262 668897903
3263 668948641
3264 669408087
3265 669925951
3266 669946647
3267 670880939
3268 671356233
3269 671391601
3270 671441974
3271 671528348
3272 671580142
3273 671646501
3274 672388047
3275 672601645
3276 672871842
3277 672972605
3278 673759781
3279 674020955
3280 674126828
3281 674181163
3282 674211886
3283 674244022
3284 674413954
3285 674470217
3286 674676312
3287 674753522
3288 675911688
3289 676048704
3290 676110684
3291 676178024
3292 676816449
3293 676902653
3294 677537586
3295 677819486
3296 677918932
3297 678091463
3298 678285918
3299 678531925
3300 678718102
3301 678889990
3302 679162826
3303 679397746
3304 680628169
3305 680662526
3306 681363024
3307 681405510
3308 681627220
3309 681862270
3310 681947566
3311 682081944
3312 682195035
3313 682380488
3314 682706126
3315 682856861
3316 683180395
3317 683202440
3318 683547918
3319 683840736
3320 683937954
3321 684654167
3322 684758314
3323 684888647
3324 685003034
3325 685101912
3326 685566848
3327 686178295
3328 686221121
3329 686682969
3330 686789794
3331 687635340
3332 687879765
3333 687896592
3334 687965032
3335 688063676
3336 688099736
3337 688316935
3338 688758007
3339 689056334
3340 689100206
3341 689928072
3342 690239547
3343 690796524
3344 690849762
3345 690991504
3346 691306218
3347 691425918
3348 691437251
3349 691583768
3350 691725204
3351 691856388
3352 691986821
3353 692300984
3354 692575881
3355 692618833
3356 693698084
3357 693901730
3358 694739114
3359 694873675
3360 694906730
3361 695216701
3362 695524520
3363 695734565
3364 695984538
3365 696616849
3366 696751804
3367 697104605
3368 697251228
3369 697486159
3370 697718503
3371 697734034
3372 697958002
3373 698192874
3374 698636728
3375 699088002
3376 699664496
3377 699855389
3378 699930852
3379 700429541
3380 700435083
3381 700643084
3382 701118502
3383 701187914
3384 701468077
3385 701761578
3386 701840907
3387 702021250
3388 702177967
3389 703166561
3390 703387160
3391 704178472
3392 704256078
3393 704547143
3394 704673768
3395 705726503
3396 705770365
3397 706099681
3398 706537872
3399 706760415
3400 706893128
3401 707174392
3402 707417323
3403 707438473
3404 707690019
3405 708204130
3406 708306327
3407 708498750
3408 708510480
3409 709162686
3410 709894661
3411 710020239
3412 710179706
3413 710435401
3414 710744213
3415 710965658
3416 711206987
3417 711491198
3418 711718516
3419 712170101
3420 712975737
3421 713554693
3422 713879563
3423 714048267
3424 714313376
3425 714723119
3426 715007901
3427 715055287
3428 715654197
3429 715747844
3430 715839054
3431 715994227
3432 716021720
3433 716171531
3434 716869853
3435 716881960
3436 717073146
3437 717150067
3438 717688077
3439 717724331
3440 718034265
3441 718657366
3442 718870457
3443 719151158
3444 720167345
3445 720865601
3446 721003233
3447 721466694
3448 721557415
3449 722095176
3450 722370955
3451 722420112
3452 722788665
3453 723490969
3454 723594523
3455 724145111
3456 724182114
3457 724203663
3458 724329079
3459 724732703
3460 724816058
3461 725285254
3462 725285485
3463 725648064
3464 726794044
3465 726879952
3466 727167274
3467 727457525
3468 727502099
3469 727781996
3470 728168910
3471 728535131
3472 728799670
3473 729150524
3474 729243282
3475 729841807
3476 729860332
3477 730393132
3478 730641325
3479 731088642
3480 731250136
3481 732369709
3482 733053696
3483 733409479
3484 733768124
3485 733827040
3486 733933106
3487 734064371
3488 734411714
3489 734555794
3490 734716374
3491 734852367
3492 735240091
3493 735786668
3494 735851260
3495 736434328
3496 736760836
3497 737017678
3498 737697352
3499 737706845
3500 737787884
3501 738060819
3502 738476942
3503 738603721
3504 738741914
3505 738824744
3506 739083958
3507 739625914
3508 739849042
3509 740215919
3510 740328713
3511 740877888
3512 740975449
3513 742400712
3514 742621678
3515 742735649
3516 742873730
3517 743373702
3518 743424502
3519 744563535
3520 745124924
3521 745713389
3522 745766218
3523 745890550
3524 746072724
3525 746761398
3526 746922518
3527 747192565
3528 747214911
3529 747606302
3530 748644513
3531 748991882
3532 749836320
3533 750261015
3534 750286291
3535 750503332
3536 750747358
3537 751130469
3538 751516532
3539 752260450
3540 752809654
3541 752977811
3542 753017197
3543 753456628
3544 753743092
3545 753780410
3546 753927140
3547 754043066
3548 754203200
3549 754439190
3550 754471951
3551 754506786
3552 754703649
3553 755276100
3554 755369848
3555 755793065
3556 756277008
3557 756380925
3558 756599928
3559 756681742
3560 756780225
3561 756851734
3562 756876728
3563 756881057
3564 756888588
3565 757103878
3566 757324461
3567 757430204
3568 757724898
3569 757736176
3570 757743310
3571 758382129
3572 758424483
3573 758454838
3574 758828392
3575 759321981
3576 759349280
3577 759649632
3578 759880144
3579 760030181
3580 760284046
3581 760441407
3582 760626089
3583 760735588
3584 760818151
3585 761219864
3586 761348694
3587 761586897
3588 762038187
3589 762321921
3590 762585237
3591 762602730
3592 762839452
3593 763463031
3594 763551937
3595 764432918
3596 765149568
3597 766078107
3598 766307994
3599 766387000
3600 766409931
3601 766524401
3602 766698463
3603 767611782
3604 767764116
3605 768042277
3606 768481638
3607 768935559
3608 769405330
3609 769960867
3610 770656628
3611 770698307
3612 770935075
3613 770937509
3614 770947435
3615 771244563
3616 771266684
3617 771690450
3618 772560191
3619 772670000
3620 773445570
3621 773566077
3622 773694373
3623 774089959
3624 774163331
3625 774193036
3626 774408838
3627 774617387
3628 774751035
3629 774819242
3630 774823349
3631 774833446
3632 775093115
3633 775171343
3634 775178431
3635 775368790
3636 775807363
3637 775860390
3638 777397298
3639 777792705
3640 778243480
3641 778249448
3642 778345881
3643 778489922
3644 778700404
3645 778821664
3646 778899773
3647 778916942
3648 779247872
3649 779996450
3650 780695985
3651 780958084
3652 781010479
3653 781238388
3654 781490031
3655 781500024
3656 781531861
3657 782501549
3658 783524912
3659 784245408
3660 784323061
3661 784626091
3662 785130841
3663 785155317
3664 785169967
3665 785392466
3666 785476015
3667 785610602
3668 786671233
3669 786753449
3670 786816825
3671 787333449
3672 787406634
3673 787751306
3674 788182609
3675 788297794
3676 788660367
3677 788828714
3678 788844977
3679 788886974
3680 789027363
3681 789100310
3682 789536150
3683 790099520
3684 790180757
3685 790204083
3686 790560756
3687 790972985
3688 790980136
3689 791053092
3690 791174715
3691 791308334
3692 791610653
3693 791728602
3694 791868291
3695 792100701
3696 792428882
3697 793943291
3698 793979222
3699 794049877
3700 794211003
3701 794479810
3702 794729138
3703 794788318
3704 794807707
3705 794868838
3706 794968414
3707 795159779
3708 795653948
3709 795668106
3710 796700101
3711 797049302
3712 797475754
3713 797742012
3714 797748785
3715 797960962
3716 799102379
3717 799734593
3718 800191575
3719 800381913
3720 800517951
3721 800623903
3722 800997521
3723 801140580
3724 801422810
3725 801606954
3726 802228047
3727 802457654
3728 802745322
3729 802888027
3730 803105106
3731 804054291
3732 804186293
3733 804291486
3734 804452143
3735 804639357
3736 805247440
3737 805285105
3738 805501205
3739 805568397
3740 805621783
3741 806228789
3742 806909711
3743 807265941
3744 807381481
3745 807619715
3746 807718741
3747 808462585
3748 808497579
3749 809757496
3750 810350916
3751 810906899
3752 811393762
3753 811430841
3754 811722624
3755 811796388
3756 812486985
3757 812945200
3758 813432634
3759 813540907
3760 813669985
3761 813816133
3762 814263998
3763 815097281
3764 815593175
3765 816347583
3766 816632754
3767 816912765
3768 816949642
3769 817216905
3770 818242573
3771 818434992
3772 818577435
3773 819042334
3774 819186314
3775 819503609
3776 819997878
3777 820407169
3778 820489011
3779 821079601
3780 822000723
3781 822848530
3782 822928052
3783 823284905
3784 823338734
3785 824680259
3786 824830671
3787 824984187
3788 825356295
3789 825523601
3790 825649406
3791 825683193
3792 825766192
3793 825803621
3794 825919096
3795 826474959
3796 827149392
3797 827411454
3798 827783599
3799 828024706
3800 828178015
3801 828203231
3802 828244741
3803 828412333
3804 828949067
3805 829097470
3806 829907838
3807 830139333
3808 830618999
3809 830959035
3810 831133431
3811 832155655
3812 832395848
3813 833022023
3814 833318883
3815 833319584
3816 833458151
3817 833506455
3818 834032483
3819 834282749
3820 834286671
3821 834759049
3822 834863940
3823 834868437
3824 835035796
3825 835073761
3826 835673655
3827 836048189
3828 836247140
3829 836888323
3830 837041762
3831 838058556
3832 838492627
3833 839113524
3834 839660642
3835 840437651
3836 840618010
3837 840929399
3838 841254892
3839 841469431
3840 841712899
3841 841990097
3842 842145614
3843 842617964
3844 842660560
3845 842843644
3846 842965397
3847 843052900
3848 843086454
3849 844128688
3850 844485436
3851 844757248
3852 844760594
3853 845256773
3854 845322393
3855 845608241
3856 845753218
3857 845999151
3858 846052517
3859 846263269
3860 846571104
3861 846622707
3862 846960917
3863 847085072
3864 847572194
3865 847737641
3866 847752387
3867 847994344
3868 848267456
3869 849132535
3870 850271471
3871 850313951
3872 850465509
3873 850785877
3874 850963626
3875 852232703
3876 852246492
3877 852451887
3878 853091132
3879 853556706
3880 854274406
3881 854394209
3882 854520162
3883 854779550
3884 854853906
3885 855108195
3886 855193379
3887 855727416
3888 855783234
3889 856247971
3890 856565374
3891 857383308
3892 857445283
3893 857542827
3894 857929596
3895 858182427
3896 859403673
3897 859455560
3898 861417593
3899 861425423
3900 862349720
3901 862421154
3902 862672787
3903 862783555
3904 862995477
3905 863288847
3906 863556435
3907 864275322
3908 864311924
3909 864495360
3910 864868330
3911 865754952
3912 866082154
3913 866145901
3914 867811184
3915 867952226
3916 868050679
3917 868393001
3918 868526292
3919 869022771
3920 869477207
3921 869630516
3922 869734369
3923 869925565
3924 870090877
3925 870485210
3926 870622755
3927 870829320
3928 871008751
3929 871415781
3930 871713047
3931 872840351
3932 872844714
3933 873165690
3934 873611628
3935 874416557
3936 874578989
3937 875233976
3938 875590913
3939 875655201
3940 875692396
3941 876193376
3942 876433200
3943 876678713
3944 876918573
3945 877060237
3946 877420668
3947 877742196
3948 879129188
3949 879136036
3950 879580923
3951 879882782
3952 880152102
3953 882055340
3954 882198692
3955 882450770
3956 882881572
3957 883039939
3958 883150933
3959 883283910
3960 885449816
3961 885732433
3962 885776226
3963 886392833

